+
4
6
2 1 1 1 2 5
3 1 3 1 4 2 3 6
2 2 1 2 2 7
3 3 1 3 2 4 1 7
3 3 3 4 2 4 3 6
3 2 4 3 4 4 4 9

*
4
6
2 1 1 1 2 6
2 1 3 1 4 2 3 4
2 2 1 2 2 12
3 3 1 3 2 4 1 8
3 3 3 4 2 4 3 6
3 2 4 3 4 4 4 24

+
5
11
1 1 1 5
3 1 2 1 3 2 3 11
2 1 4 1 5 4
3 2 1 2 2 3 1 6
2 2 4 2 5 6
3 3 2 3 3 3 4 8
3 4 1 4 2 4 3 10
1 4 4 4
2 3 5 4 5 6
2 5 1 5 2 5
3 5 3 5 4 5 5 10

*
5
11
1 1 1 5
3 1 2 1 3 2 3 40
2 1 4 1 5 3
3 2 1 2 2 3 1 6
2 2 4 2 5 8
3 3 2 3 3 3 4 12
3 4 1 4 2 4 3 30
1 4 4 4
2 3 5 4 5 5
2 5 1 5 2 4
3 5 3 5 4 5 5 30

+
7
15
4 1 1 1 2 1 3 1 4 16
3 1 5 1 6 1 7 12
5 2 1 2 2 2 3 2 4 2 5 20
4 2 6 2 7 3 7 4 7 19
3 3 1 3 2 3 3 18
3 3 4 3 5 3 6 6
3 4 1 5 1 6 1 8
4 4 2 4 3 5 3 5 4 18
4 4 4 4 5 5 5 5 6 12
1 4 6 6
2 5 2 6 2 9
2 6 3 6 4 11
4 5 7 6 5 6 6 6 7 13
4 7 1 7 2 7 3 7 4 13
3 7 5 7 6 7 7 15

+
10
21
5 1 1 1 2 1 3 1 4 1 5 25
4 1 6 1 7 2 6 2 7 16
5 1 8 1 9 1 10 2 10 3 10 29
5 2 1 2 2 2 3 2 4 2 5 26
5 3 1 4 1 5 1 6 1 7 1 35
5 3 2 3 3 3 4 3 5 3 6 27
4 2 8 2 9 3 7 3 8 3 9 36
5 4 2 4 3 4 4 5 2 6 2 24
8 4 5 4 6 5 5 5 6 6 5 6 6 7 5 7 6 54
7 4 7 4 8 4 9 4 10 5 10 6 10 7 10 35
4 5 3 5 4 6 3 6 4 21
5 5 7 5 8 5 9 6 9 7 9 14
3 7 2 7 3 7 4 14
4 6 7 6 8 7 7 7 8 29
3 8 1 9 1 10 1 16
3 8 2 8 3 8 4 18
6 8 5 8 6 9 6 10 4 10 5 10 6 35
4 8 7 8 8 8 9 8 10 24
6 9 2 9 3 9 4 9 5 10 2 10 3 29
6 9 7 9 8 9 9 9 10 10 7 10 10 33
2 10 8 10 9 10
